0611+3325  Results:
RMS error:  1.88799026202
q  =  0.839991753142  +/-   0.00633123713982
K  =  32.2872979269  + 0.13658017361  - 0.138200481194
e  =  0.00886861984  + 0.00343320873532  - 0.00330058528025
w  =  2.25043944978  + 0.536695290138  - 0.695257817827
T  =  2456261.7467  + 0.226979409344  - 0.296607225202
P  =  2.63209160584  + 6.76702981539e-05  - 6.75059831456e-05
y  =  76.9846262092  + 0.0625765878058  - 0.0622975227217

1720+4205  Results:
RMS error:  1.31476609339
q  =  0.659774724347  +/-   0.00136892612397
K  =  43.8730835958  + 0.0815344315846  - 0.0830030413135
e  =  0.00243538718085  + 0.00199473959042  - 0.00157285763651
w  =  0.950652829137  + 0.685045339964  - 0.449741695942
T  =  2456049.38404  + 0.358324436005  - 0.234970747028
P  =  3.28657267367  + 1.88538626538e-05  - 1.90951994372e-05
y  =  -6.77085813206  + 0.0475991610276  - 0.0474623207246

2123+4419  Results:
RMS error:  2.28741896758
q  =  0.905058526067  +/-   0.0160963556994
K  =  58.5095548114  + 0.59519137466  - 0.594174145597
e  =  0.0622605248064  + 0.0124957748929  - 0.0125363712659
w  =  2.23010482632  + 0.151612966172  - 0.157136455962
T  =  2456488.07512  + 0.198190426454  - 0.203613672871
P  =  8.16616460223  + 0.000997688283356  - 0.000992591314482
y  =  -123.593121613  + 0.453339359048  - 0.452291641029

2144+4211  Results:
RMS error:  4.3519950101
q  =  0.946985628187  +/-   0.0365740157666
K  =  61.1551472716  + 0.463394072979  - 0.462286208324
T  =  2456205.33813  + 0.00566070200875  - 0.00569903384894
P  =  3.29813071475  + 0.000121459575904  - 0.000121908594141
y  =  -17.2248465232  + 0.368853425012  - 0.368372567956