2M06115599+3325505  Results:
RMS error:  4.13224788371
q =  0.823296895074  +   - 
K  =  30.8894186819  + 3.85320873492  - 5.50988236202
e  =  -0.0152364923247  + 0.209399186072  - 0.298600276211
w  =  0.795725067311  + 3.20980057402  - 3.90282866862
T  =  2456087.362  + 0.0506595349871  - 2.60456670448
P  =  2.63221293197  + 1.31321443421  - 0.617245970328
y  =  78.2664913505  + 2.63583706243  - 2.80000172431

2M21442066+4211363  Results:
RMS error:  5.35192539543
q  =  0.940314395586  +/-   0.0364530257882
K  =  61.1798361201  + 7.41432195842  - 4.44570764224
e  =  0.0432011149081  + 0.359079177183  - 0.0916788603811
w  =  2.97459019419  + 1.74532175908  - 4.36240576152
T  =  2456051.86714  + 0.0245860447176  - 0.0246844836511
P  =  3.29865662794  + 1.17899537211  - 0.00190347496766
y  =  -17.2043750155  + 2.925006658  - 2.76982914487

2M17204248+4205070  Results:
RMS error:  3.95219241463
q  =  0.643986286319  +/-   0.0119761117149
K  =  44.5872606179  + 5.39156607649  - 4.22474078483
e  =  0.00355422130935  + 0.231965475228  - 0.141716669931
w  =  0.349973460973  + 3.95909710361  - 3.55972511736
T  =  2456177.21239  + 0.0551038985141  - 0.0228422419168
P  =  3.28579281142  + 0.00205833205865  - 0.0310862805401
y  =  -7.05424261248  + 2.59340523234  - 2.91527422399
